485
479
481
478
473
476
481
475
474
473
478
470
475
472
478
469
478
472
484
474
485
477
483
482
478
478
482
480
484
489
482
486
480
480
485
486
484
486
480
482
483
487
484
483
491
492
485
487
487
485
491
480
485
488
490
492
489
498
504
496
496
493
500
494
497
499
492
506
504
499
496
510
496
497
497
493
495
504
498
504
491
499
502
500
505
511
506
511
504
511
508
500
509
513
517
516
515
515
520
518
514
508
525
516
516
519
521
518
508
516
520
516
518
530
514
518
523
526
522
526
525
526
530
529
526
528
534
521
524
528
525
525
527
529
525
537
534
536
530
532
547
526
531
519
533
537
552
539
536
537
541
539
536
539
536
539
532
542
547
541
542
544
544
543
547
538
541
545
542
551
537
545
546
549
539
551
552
548
553
549
552
556
553
555
551
552
550
557
555
553
557
559
563
560
574
551
557
562
559
561
559
565
554
564
566
573
567
571
565
569
569
568
567
578
564
567
567
578
569
574
576
574
571
580
571
570
572
572
579
583
576
585
584
576
585
591
591
584
584
575
578
577
586
592
588
605
596
584
589
589
586
594
584
590
591
598
585
593
595
604
601
594
600
608
605
610
607
598
613
605
609
611
615
608
601
610
615
608
606
608
612
610
614
616
613
615
613
625
615
606
613
622
618
627
621
623
622
623
624
622
632
629
635
626
620
628
632
628
638
634
639
634
638
626
645
637
635
633
640
642
633
635
644
647
650
643
647
641
637
640
650
639
643
655
644
649
653
656
643
655
653
654
645
654
655
653
659
659
658
666
656
662
659
663
662
671
668
662
668
662
675
672
669
674
676
681
679
674
677
678
674
680
676
671
681
693
680
690
683
691
685
681
690
688
690
694
692
687
696
696
706
690
700
700
704
708
699
700
699
705
704
696
709
712
717
712
717
720
717
717
721
715
715
720
717
716
728
718
717
724
724
720
724
718
722
729
732
733
733
729
736
732
735
735
731
739
738
748
743
737
750
747
742
749
749
750
747
761
747
755
752
760
757
754
757
757
750
770
766
765
766
764
757
763
766
772
771
774
782
775
782
782
780
775
783
782
781
783
787
789
780
791
788
790
786
784
791
793
794
786
793
805
802
803
796
806
804
806
812
808
807
810
810
807
811
819
812
815
815
819
814
821
821
823
824
825
823
830
829
836
830
833
835
834
840
834
840
842
842
841
844
838
842
849
846
848
856
853
852
850
856
862
858
861
861
865
869
866
868
871
878
873
870
886
885
876
883
876
879
876
889
887
884
892
891
893
887
899
895
900
900
902
901
899
907
904
903
916
908
913
914
919
916
913
921
929
918
923
928
929
929
931
928
931
936
935
939
938
939
942
941
946
944
945
952
956
954
951
958
956
959
963
962
963
964
971
975
973
975
976
973
977
979
979
979
985
984
981
984
984
986
984
988
988
986
989
992
988
989
988
991
990
991
991
990
993
994
994
993
992
992
992
991
993
993
993
994
993
993
992
992
992
992
994
994
993
993
994
994
992
992
995
995
992
994
993
991
994
994
992
994
994
993
991
991
993
992
992
992
993
991
995
995
990
993
993
991
992
993
994
992
992
993
994
993
995
995
994
993
992
994
991
995
993
992
993
993
992
992
995
994
992
992
992
991
994
993
991
994
993
993
992
994
993
993
993
991
993
994
993
992
994
991
992
992
992
993
993
992
991
994
995
993
993
993
991
993
992
993
992
994
993
992
993
994
993
993
991
993
992
994
993
992
992
993
993
993
993
994
993
993
994
992
994
993
991
992
993
993
992
991
991
992
990
989
985
982
978
978
978
967
964
966
959
959
958
951
939
939
941
924
925
923
914
909
913
908
894
892
895
880
880
879
875
875
870
868
850
851
852
837
836
841
839
825
824
822
819
810
819
814
794
795
795
790
790
790
784
776
778
772
761
760
759
757
747
744
745
730
728
732
723
718
714
713
686
698
694
668
670
1
0
666
662
664
648
645
633
621
641
639
637
646
658
668
660
665
684
686
692
695
710
717
717
732
721
728
743
743
748
743
755
751
750
773
770
771
783
784
786
788
796
803
797
811
806
809
814
825
824
824
838
835
842
842
853
852
850
868
865
870
875
881
882
885
895
898
897
916
917
919
922
934
932
931
954
951
949
956
963
966
967
976
976
976
982
987
988
985
990
990
988
988
989
993
990
992
993
990
990
993
990
992
992
991
991
992
993
991
991
992
992
992
992
989
993
990
993
990
994
992
992
992
989
991
991
994
991
990
990
990
992
993
989
992
993
990
992
990
990
990
990
991
991
991
992
992
990
991
992
990
992
991
992
990
993
991
990
991
991
991
992
995
992
990
991
992
991
990
993
991
990
992
992
992
991
992
993
991
993
993
992
991
993
991
993
993
990
Le programme '[32] Micro Framework application: Managé' s'est arrêté avec le code 0 (0x0).
