334
325
325
321
329
331
329
334
337
330
335
334
332
335
328
326
332
333
332
337
333
330
331
333
329
334
338
340
340
338
339
338
338
340
336
337
339
338
339
339
337
336
333
346
344
348
344
343
347
342
341
347
346
346
342
344
344
342
338
343
347
350
351
350
349
346
347
349
347
350
350
346
343
350
348
350
354
360
358
360
355
358
352
354
352
354
356
353
355
364
356
358
367
366
361
362
365
363
368
364
358
359
359
363
364
361
361
363
364
368
366
368
368
366
370
370
365
371
370
364
369
366
372
374
377
372
373
371
374
376
376
370
373
374
376
372
376
377
380
381
381
375
381
383
381
380
381
384
383
383
385
385
384
388
383
386
387
387
386
382
387
389
383
392
391
395
389
393
391
392
393
391
392
394
390
394
401
398
399
400
395
397
398
395
402
398
406
399
402
406
406
403
406
409
406
405
408
402
406
405
407
408
408
411
412
411
408
408
406
411
411
410
412
412
411
417
412
408
417
415
418
417
418
420
419
419
418
415
422
418
418
418
419
423
423
427
425
422
423
428
426
424
423
425
432
430
430
431
433
432
431
428
432
434
438
436
434
435
437
439
435
440
438
439
446
444
442
438
441
444
443
443
441
449
446
452
442
449
450
449
449
455
450
460
456
452
454
456
455
462
466
463
457
465
457
461
461
463
469
463
467
464
467
469
467
468
464
474
472
468
474
472
469
475
476
476
477
477
476
482
478
480
486
483
483
485
484
482
488
485
488
490
489
484
488
486
498
496
499
492
491
495
499
502
501
503
500
500
502
513
509
505
506
515
509
514
512
521
515
516
514
516
520
523
521
519
521
521
525
522
532
525
528
529
531
537
533
535
533
535
540
539
538
538
538
539
545
542
547
544
543
551
554
550
549
551
554
555
557
556
557
556
557
563
558
562
560
566
566
570
566
564
577
577
573
575
579
577
580
578
577
581
586
586
585
590
586
593
589
593
590
595
596
597
602
606
608
603
605
605
611
609
612
608
616
622
615
617
620
625
623
629
630
628
631
631
630
637
638
633
636
639
642
641
646
646
644
652
648
649
657
660
659
663
663
662
664
664
666
664
671
670
671
673
673
676
683
681
689
686
684
696
684
695
691
699
703
703
707
709
710
712
710
718
716
716
719
720
721
724
725
731
734
736
739
741
740
740
742
746
750
749
754
753
758
759
764
764
766
773
773
775
777
782
782
781
785
783
791
790
795
794
790
800
799
806
805
810
809
810
816
817
822
829
836
835
830
833
839
843
848
851
851
852
855
860
857
861
862
870
871
874
880
879
884
887
887
894
897
902
906
908
911
913
915
921
923
927
930
928
935
939
943
946
946
954
956
959
962
963
967
970
971
976
976
979
985
985
988
988
989
990
991
991
992
992
990
993
992
990
994
993
993
993
993
993
993
994
993
993
993
993
993
994
993
993
993
993
993
992
993
994
993
991
994
994
993
993
993
993
992
993
994
993
993
993
993
994
994
993
994
993
993
992
992
993
993
993
993
993
993
994
994
993
993
993
993
992
993
992
994
993
992
992
989
987
982
977
974
963
952
947
932
926
916
907
900
888
884
876
860
853
847
837
835
814
812
807
800
794
781
777
770
756
749
737
727
724
700
685
680
1
0
665
654
643
632
638
654
663
671
689
702
710
726
735
748
757
765
774
780
790
798
805
814
822
833
842
847
860
868
878
894
895
905
921
925
939
947
958
969
972
981
986
989
992
991
993
992
993
993
993
993
992
993
992
991
992
993
992
993
993
993
993
993
993
992
993
993
993
992
993
992
993
992
994
993
993
993
993
993
993
992
993
993
992
993
Le programme '[33] Micro Framework application: Managé' s'est arrêté avec le code 0 (0x0).
